10000 1.361111613181466228894578 0.02868044617698252765625178
12500 1.389747796838312732248255 0.03851247841611042665999065
15000 1.342588553698467634944791 0.02000038386300069526146928
17500 1.450953153861958000447885 0.05942367850262664924487765
20000 1.333881211624762697098845 0.0186729462709582273716169
22500 1.397550001302633182476143 0.03670445018309453910632101
25000 1.366137132632755157857218 0.02458877733800008888453981
27500 1.396299591519517102611303 0.02634111825530388931171366
30000 1.387475842754059218719931 0.01857388781872828381613871
32500 1.352485896580004176570355 0.01494517761531546744258048
35000 1.372027585777600977579027 0.01840687380690967170360217
37500 1.378745279744013618739018 0.0241698353923446955515697
40000 1.375825672833166368747015 0.01918840423051636906448536
42500 1.535149464966794718989718 0.1464832333818475995634856
45000 1.383163619106630326527352 0.02201321427335671543357165
47500 1.397535423496925943709357 0.01990543652339238356319129
50000 1.388009798583123677317985 0.02311869700524057588686411
52500 1.415046479818814262330307 0.04369273340206504541161081
55000 1.359923647076585639936752 0.01245282893920049774316716
57500 1.42168614470624765644402 0.03707949544335279595808075
60000 1.385596304533282419058082 0.02126367182363787106114117
62500 1.433661524164252520918694 0.03244317321835702566668047
65000 1.370313188357912714820941 0.01669966295314535484339835
67500 1.583182384047018942396789 0.123839413111941673562022
70000 1.386585578429778475850753 0.02821079222205985850835397
72500 1.388959615599503205629617 0.02248343771333428248171415
75000 1.361869542608601157951398 0.01141988381730869861474531
77500 1.384981559782921367585118 0.02735015905982813438912515
80000 1.374314657108530068896357 0.01379876009630067942857146
82500 1.370280928975259104873885 0.01496751930173792488609763
85000 1.353616426679109530084588 0.01157513894515080354885583
87500 1.358779613384694107125483 0.01210030624820566079458128
90000 1.362911715770847687068112 0.01205144656981103727655391
92500 1.350224613661530792541043 0.01070005839644800477161724
95000 1.392240854167062558133239 0.01912975906430325334639519
97500 1.411088441356179945529448 0.01789575315293481794221009
