10000 0.6705462239369700538915708 0.002356197810946110155622124
15000 0.6651657418688597944722574 0.00192887550723862201580705
20000 0.6657001852657887797093395 0.001658290557837770315061099
25000 0.6669378993006348510519388 0.001482352590654108237533393
30000 0.6670347113049664988793097 0.001356490673605142928057066
35000 0.6670137443036185942446537 0.001259109024997269888485052
40000 0.6671446595970859094748562 0.001176993904203920814771633
45000 0.6683470557389111776913637 0.001105790238723658620856316
50000 0.6686618274634655856303311 0.001050876545609854238738645
55000 0.6639332526755261643103267 0.001010122136002234013649193
60000 0.6668490439285948978564988 0.0009649158092892868437973064
65000 0.6668483018433333242569461 0.0009236736122029498650271018
70000 0.6668410311500185816413477 0.0008913600642636447567504487
75000 0.6662224922162515161616625 0.0008602717685041616924729313
80000 0.666358977802891327968382 0.0008325908040598652614869279
85000 0.6651656871888090849509467 0.0008107986750335723861310422
90000 0.6672332545158099481596992 0.000786392788716599208491409
95000 0.6672354183631111768093547 0.0007642499400074815154096375
