10000 0.6664962078656582189495339 0.0003396269170293786388015178
15000 0.666530015512304618852113 0.0002678480066177213458900042
20000 0.6665813407857170691528381 0.0001702658401160350720715542
25000 0.6665843225283099027222988 0.0001617512938937304411979312
30000 0.6665978586272673922508147 0.0001356862299239924851690375
35000 0.6666088324482387639235981 0.0001133253103298148545263757
40000 0.6666239740525810031357423 8.526653372531445285176233e-05
45000 0.6666248031597803436199001 8.20413580192580482730591e-05
50000 0.6666252379536738992271694 8.183085073232287953715058e-05
55000 0.666624044784661751172905 8.303791278962968647192611e-05
60000 0.6666320921621951001156958 6.846706987273520894632384e-05
65000 0.6666413178148370421993718 4.896027234813082884556934e-05
70000 0.666637534845050838683278 5.740479362847938915592749e-05
75000 0.6666382332306073354999398 5.555991405736815380578264e-05
80000 0.6666453109821376399324322 4.26738591114972365403446e-05
85000 0.6666426525347699527657142 4.866140475379143737200138e-05
90000 0.6666455882799602328248056 4.157024034623368891061546e-05
95000 0.6666416893444840896520986 4.927778098284818497631932e-05
