10000 1.409449364252101766226133 0.001636525854800931212285064
12500 1.401151185250276265392699 0.002193003970184154161060519
15000 1.395530074454685243168228 6.859353101762444282485376e-05
17500 1.389176682306862087301624 0.001886981342194428423741925
20000 1.383350225617641759967569 0.001683474536692243506141864
22500 1.378404348455160688402543 0.001783448172491604311051816
25000 1.372082004910766706018421 0.001875051341329189713569292
27500 1.370159197232612813266428 0.001518444958265814659359449
30000 1.39091406932749439562258 0.0002977464966072637664318279
32500 1.39147174462868750133282 7.737448106374944511998137e-05
35000 1.386273733076544667497387 0.0001872491341191120928222347
37500 1.383622927553451731341738 0.0002508592640455623024031695
40000 1.383179755874847760566126 1.099582155914685666076025e-05
42500 1.382061417768710720466174 0.0001285389140265463803203261
45000 1.381762317038161436144605 0.0002165992787603807090413
47500 1.379994228578382831074123 0.0002574821954755002195724956
50000 1.385526746788448226865853 0.0008672271112267690429398215
52500 1.395250510589697290342315 0.001369899541380427410164344
55000 1.393462997908214706654917 0.001503166659827345763567052
57500 1.389784583968524778185838 0.001048725875024775211485917
60000 1.389525110090545689800479 8.959213331331122853740112e-05
62500 1.387974350573562665189797 3.503639491572035913335981e-05
65000 1.389279239017161549085699 0.000141423340450134993329101
67500 1.386903068098015445741567 0.0001450876252919869324742308
70000 1.385601796878322300443642 4.334194686735071133654174e-05
72500 1.387719989927428621001582 0.0001018494373488457171994526
75000 1.389626663079687185486932 0.0003872593661048140400993134
77500 1.388146911013577566862409 0.0004043794865720290454547126
80000 1.387069430634117139788941 0.0002508959588653283945269834
82500 1.38531485687188737898623 0.0001489860647892402023551028
85000 1.384604925331974767388488 0.0001640640435156964782592581
87500 1.385616021295955624381691 0.0001290698377977295141505465
90000 1.383663797421111230079305 0.0001226513200895604227547153
92500 1.382407137239856087518319 0.0001772351898762444810664363
95000 1.38446907218216086477014 0.0002886411451410095252434473
97500 1.383947107742651061457195 0.0003631444069334133217807903
