  0 0.000000 
  5 0.000000 
 10 0.000000 
 15 0.000000 
 20 0.000000 
 25 0.000000 
 30 0.000000 
 35 0.000000 
 40 0.000000 
 45 0.000000 
 50 0.000000 
 55 0.000000 
 60 0.015625 
 65 0.000000 
 70 0.000000 
 75 0.000000 
 80 0.015625 
 85 0.015625 
 90 0.015625 
 95 0.015625 
100 0.015625 
105 0.015625 
110 0.031250 
115 0.015625 
120 0.031250 
125 0.031250 
130 0.031250 
135 0.031250 
140 0.046875 
145 0.046875 
150 0.046875 
155 0.062500 
160 0.078125 
165 0.062500 
170 0.078125 
175 0.078125 
180 0.093750 
185 0.093750 
190 0.109375 
195 0.109375 
200 0.109375 
205 0.140625 
210 0.125000 
215 0.156250 
220 0.156250 
225 0.156250 
230 0.187500 
235 0.203125 
240 0.218750 
245 0.218750 
250 0.234375 
255 0.296875 
260 0.250000 
265 0.265625 
270 0.328125 
275 0.296875 
280 0.312500 
285 0.359375 
290 0.343750 
295 0.375000 
300 0.406250 
305 0.437500 
310 0.421875 
315 0.500000 
320 0.484375 
325 0.500000 
330 0.515625 
335 0.562500 
340 0.609375 
345 0.593750 
350 0.656250 
355 0.640625 
360 0.656250 
365 0.781250 
370 1.156250 
375 0.828125 
380 0.968750 
385 0.875000 
390 0.968750 
395 1.078125 
400 1.171875 
405 1.265625 
410 1.390625 
415 1.468750 
420 1.515625 
425 1.578125 
430 1.625000 
435 1.750000 
440 1.656250 
445 1.656250 
450 1.687500 
455 1.765625 
460 1.812500 
465 1.890625 
470 1.921875 
475 2.031250 
480 2.078125 
485 2.125000 
490 2.234375 
495 2.312500 
