  0 0.000000 
  5 0.000000 
 10 0.000000 
 15 0.000000 
 20 0.000000 
 25 0.000000 
 30 0.015625 
 35 0.000000 
 40 0.000000 
 45 0.000000 
 50 0.000000 
 55 0.000000 
 60 0.000000 
 65 0.000000 
 70 0.015625 
 75 0.000000 
 80 0.000000 
 85 0.000000 
 90 0.000000 
 95 0.000000 
100 0.000000 
105 0.000000 
110 0.000000 
115 0.015625 
120 0.000000 
125 0.015625 
130 0.015625 
135 0.015625 
140 0.015625 
145 0.015625 
150 0.015625 
155 0.015625 
160 0.015625 
165 0.031250 
170 0.015625 
175 0.031250 
180 0.015625 
185 0.031250 
190 0.031250 
195 0.031250 
200 0.046875 
205 0.031250 
210 0.046875 
215 0.046875 
220 0.046875 
225 0.046875 
230 0.062500 
235 0.062500 
240 0.078125 
245 0.062500 
250 0.062500 
255 0.109375 
260 0.078125 
265 0.078125 
270 0.093750 
275 0.093750 
280 0.093750 
285 0.125000 
290 0.125000 
295 0.125000 
300 0.156250 
305 0.140625 
310 0.140625 
315 0.187500 
320 0.203125 
325 0.187500 
330 0.203125 
335 0.218750 
340 0.218750 
345 0.343750 
350 0.281250 
355 0.265625 
360 0.296875 
365 0.312500 
370 0.500000 
375 0.359375 
380 0.453125 
385 0.390625 
390 0.406250 
395 0.406250 
400 0.484375 
405 0.531250 
410 0.546875 
415 0.593750 
420 0.593750 
425 0.609375 
430 0.671875 
435 0.671875 
440 0.609375 
445 0.671875 
450 0.671875 
455 0.687500 
460 0.718750 
465 0.734375 
470 0.765625 
475 0.796875 
480 0.843750 
485 0.859375 
490 0.890625 
495 0.937500 
