1 2 2
1.0625 2.00662 2.03156
1.125 2.01387 2.06253
1.1875 2.02161 2.0923
1.25 2.02969 2.12029
1.3125 2.03796 2.14589
1.375 2.04629 2.16852
1.4375 2.05452 2.18758
1.5 2.0625 2.20246
1.5625 2.07009 2.21258
1.625 2.07715 2.21734
1.6875 2.08352 2.21615
1.75 2.08906 2.2084
1.8125 2.09363 2.19351
1.875 2.09707 2.17088
1.9375 2.09924 2.13991
2 2.1 2.1
2.0625 2.09888 2.05111
2.125 2.0957 1.99538
2.1875 2.09077 1.93549
2.25 2.08438 1.87412
2.3125 2.07681 1.81397
2.375 2.06836 1.75771
2.4375 2.05933 1.70803
2.5 2.05 1.66761
2.5625 2.04067 1.63915
2.625 2.03164 1.62532
2.6875 2.02319 1.6288
2.75 2.01562 1.6523
2.8125 2.00923 1.69848
2.875 2.0043 1.77003
2.9375 2.00112 1.86964
3 2 2
3.0625 2.03406 2.16245
3.125 2.13027 2.35302
3.1875 2.27971 2.5664
3.25 2.47344 2.79728
3.3125 2.70251 3.04034
3.375 2.95801 3.29029
3.4375 3.23098 3.54181
3.5 3.5125 3.78958
3.5625 3.79363 4.02831
3.625 4.06543 4.25268
3.6875 4.31897 4.45738
3.75 4.54531 4.6371
3.8125 4.73552 4.78653
3.875 4.88066 4.90036
3.9375 4.9718 4.97329
4 5 5
4.0625 4.96118 4.97694
4.125 4.86289 4.90757
4.1875 4.71362 4.79713
4.25 4.52187 4.65083
4.3125 4.29614 4.4739
4.375 4.04492 4.27156
4.4375 3.77671 4.04904
4.5 3.5 3.81155
4.5625 3.22329 3.56434
4.625 2.95508 3.31261
4.6875 2.70386 3.06159
4.75 2.47813 2.8165
4.8125 2.28638 2.58258
4.875 2.13711 2.36504
4.9375 2.03882 2.1691
5 2 2
5.0625 1.99375 1.86166
5.125 1.9875 1.75282
5.1875 1.98125 1.67094
5.25 1.975 1.61347
5.3125 1.96875 1.57786
5.375 1.9625 1.56156
5.4375 1.95625 1.56202
5.5 1.95 1.5767
5.5625 1.94375 1.60304
5.625 1.9375 1.6385
5.6875 1.93125 1.68053
5.75 1.925 1.72658
5.8125 1.91875 1.7741
5.875 1.9125 1.82054
5.9375 1.90625 1.86336
6 1.9 1.9
6.0625 1.89375 1.92846
6.125 1.8875 1.94893
6.1875 1.88125 1.96211
6.25 1.875 1.96874
6.3125 1.86875 1.96954
6.375 1.8625 1.96522
6.4375 1.85625 1.95652
6.5 1.85 1.94415
6.5625 1.84375 1.92884
6.625 1.8375 1.91132
6.6875 1.83125 1.89229
6.75 1.825 1.87249
6.8125 1.81875 1.85264
6.875 1.8125 1.83346
6.9375 1.80625 1.81567
7 1.8 1.8
7.0625 1.79514 1.78704
7.125 1.7929 1.77687
7.1875 1.79304 1.76944
7.25 1.79531 1.7647
7.3125 1.79947 1.76261
7.375 1.80527 1.76311
7.4375 1.81248 1.76615
7.5 1.82083 1.77169
7.5625 1.8301 1.77968
7.625 1.84004 1.79006
7.6875 1.8504 1.8028
7.75 1.86094 1.81783
7.8125 1.87141 1.83512
7.875 1.88158 1.85461
7.9375 1.89119 1.87625
8 1.9 1.9
8.0625 1.91143 1.92572
8.125 1.92839 1.95297
8.1875 1.9499 1.98123
8.25 1.975 2.00996
8.3125 2.0027 2.03863
8.375 2.03203 2.06673
8.4375 2.06201 2.09372
8.5 2.09167 2.11908
8.5625 2.12002 2.14229
8.625 2.14609 2.1628
8.6875 2.16891 2.18011
8.75 2.1875 2.19367
8.8125 2.20088 2.20297
8.875 2.20807 2.20747
8.9375 2.20811 2.20666
9 2.2 2.2
9.0625 2.18372 2.18712
9.125 2.16035 2.16827
9.1875 2.13064 2.14383
9.25 2.09531 2.11423
9.3125 2.0551 2.07984
9.375 2.01074 2.04107
9.4375 1.96296 1.99831
9.5 1.9125 1.95197
9.5625 1.86008 1.90245
9.625 1.80645 1.85013
9.6875 1.75232 1.79543
9.75 1.69844 1.73873
9.8125 1.64553 1.68044
9.875 1.59434 1.62096
9.9375 1.54558 1.56068
10 1.5 1.5
