-3.5 -1 -1
-3.4375 -1 -0.991821
-3.375 -1 -0.983739
-3.3125 -1 -0.975854
-3.25 -1 -0.968263
-3.1875 -1 -0.961063
-3.125 -1 -0.954354
-3.0625 -1 -0.948233
-3 -1 -0.942797
-2.9375 -1 -0.938146
-2.875 -1 -0.934377
-2.8125 -1 -0.931588
-2.75 -1 -0.929876
-2.6875 -1 -0.929341
-2.625 -1 -0.93008
-2.5625 -1 -0.932191
-2.5 -1 -0.935772
-2.4375 -1 -0.940921
-2.375 -1 -0.947737
-2.3125 -1 -0.956316
-2.25 -1 -0.966757
-2.1875 -1 -0.979159
-2.125 -1 -0.993618
-2.0625 -1 -1.01021
-2 -1 -1.02873
-1.9375 -1 -1.04873
-1.875 -1 -1.06977
-1.8125 -1 -1.09141
-1.75 -1 -1.11318
-1.6875 -1 -1.13467
-1.625 -1 -1.15541
-1.5625 -1 -1.17496
-1.5 -1 -1.19288
-1.4375 -1 -1.20872
-1.375 -1 -1.22203
-1.3125 -1 -1.23238
-1.25 -1 -1.23932
-1.1875 -1 -1.24239
-1.125 -1 -1.24116
-1.0625 -1 -1.23519
-1 -1 -1.22401
-0.9375 -1 -1.2072
-0.875 -1 -1.18431
-0.8125 -1 -1.15488
-0.75 -1 -1.11848
-0.6875 -1 -1.07466
-0.625 -1 -1.02298
-0.5625 -0.995772 -0.963024
-0.5 -0.970845 -0.895063
-0.4375 -0.92542 -0.819855
-0.375 -0.86163 -0.738176
-0.3125 -0.781612 -0.650804
-0.25 -0.6875 -0.558514
-0.1875 -0.581431 -0.462082
-0.125 -0.465538 -0.362284
-0.0625 -0.341959 -0.259897
0 -0.212828 -0.155697
0.0625 -0.0802803 -0.0504601
0.125 0.0535487 0.0550376
0.1875 0.186523 0.16002
0.25 0.316509 0.26371
0.3125 0.441369 0.365333
0.375 0.55897 0.464112
0.4375 0.667174 0.55927
0.5 0.763848 0.650032
0.5625 0.846856 0.735621
0.625 0.914063 0.815262
0.6875 0.963332 0.888177
0.75 0.992529 0.953591
0.8125 1 1.01073
0.875 1 1.05919
0.9375 1 1.09938
1 1 1.13183
1.0625 1 1.15707
1.125 1 1.17563
1.1875 1 1.18802
1.25 1 1.19479
1.3125 1 1.19646
1.375 1 1.19355
1.4375 1 1.18659
1.5 1 1.17611
1.5625 1 1.16263
1.625 1 1.14669
1.6875 1 1.1288
1.75 1 1.10951
1.8125 1 1.08932
1.875 1 1.06878
1.9375 1 1.0484
2 1 1.02873
2.0625 1 1.01027
2.125 1 0.993554
2.1875 1 0.978849
2.25 1 0.966089
2.3125 1 0.955189
2.375 1 0.946061
2.4375 1 0.938621
2.5 1 0.932781
2.5625 1 0.928456
2.625 1 0.92556
2.6875 1 0.924007
2.75 1 0.923711
2.8125 1 0.924584
2.875 1 0.926543
2.9375 1 0.9295
3 1 0.933369
3.0625 1 0.938064
3.125 1 0.9435
3.1875 1 0.94959
3.25 1 0.956248
3.3125 1 0.963387
3.375 1 0.970923
3.4375 1 0.978769
3.5 1 0.986838
3.5625 1 0.995045
